0,0.06359339360982777
1,0.06317176667628016
2,0.07923532324344533
3,0.07744479570695094
4,0.08446468889881094
5,0.06696861866541863
6,0.06831895768368343
7,0.09584747549723577
8,0.0732519830801753
9,0.0755516529547123
10,0.07819072886476075
11,0.09376991024982653
12,0.07340069545930503
13,0.08248335593537738
14,0.06309939476648355
15,0.07372338493627319
16,0.0728069649726492
17,0.09034395336417174
18,0.07955293992785903
19,0.08873492380664241
20,0.09329453873259808
21,0.06798778828562717
22,0.09728986506154677
23,0.0781071248649714
24,0.09094351324610703
25,0.09230522100695841
26,0.07904827967990882
27,0.09099215875070366
28,0.07804423195872638
29,0.07641770743175115
30,0.09447374659603114
31,0.06195936051226539
32,0.07327404709396801
33,0.09172790630474786
34,0.07329325952580462
35,0.07083491331856624
36,0.09583110437576589
37,0.09964786172720677
38,0.09030968311877133
39,0.09987779580286757
40,0.08408846998827679
41,0.08944567081040218
42,0.07133236718865833
43,0.08591869930564128
44,0.07079645615652165
45,0.07179406019616066
46,0.0652824732923213
47,0.06585824398772609
48,0.08168135697586779
49,0.06684908155894906
50,0.09431283593770451
51,0.08013890241139451
52,0.0686945130868169
53,0.06663175108139895
54,0.0980999536951819
55,0.0602019453973724
56,0.06441591574328134
57,0.06676598168479353
58,0.09247082482185598
59,0.08666235960508119
60,0.09155793450457142
61,0.09653752194968544
62,0.06447691997019342
63,0.062397909826297795
64,0.06815591859595145
65,0.06952488463463416
66,0.06517946138958747
67,0.06423586078703841
68,0.060150445019253915
69,0.07954817232554653
70,0.07060269734391653
71,0.07823875799520079
72,0.09891559049538368
73,0.09479468032352506
74,0.07544764662997741
75,0.07662407699994932
76,0.08026565982167808
77,0.0798864813521888
78,0.06694836956034093
79,0.08046760490845367
80,0.09983562343184949
81,0.09074689615265423
82,0.06794138719583018
83,0.08662053348127248
84,0.07596423105544958
85,0.08301414046018028
86,0.06834071254758833
87,0.0893836680527575
88,0.06231621422991317
89,0.08238948532561409
90,0.07829058174557568
91,0.06298246463928864
92,0.06854662368694832
93,0.06182418646401006
94,0.07516845525840378
95,0.06726696461562262
96,0.08120197833645416
97,0.07242144929639394
98,0.07955913102217792
99,0.09358217083669976
100,0.06682154612125722
101,0.09620477994386815
102,0.07582654886314791
103,0.08903381052934374
104,0.06631141711101252
105,0.07198631913277281
106,0.06412949334006914
107,0.08813200264795472
108,0.07869796672785287
109,0.07097233280456204
110,0.09668560675228285
111,0.0640993517677398
112,0.06978478562249421
113,0.06048764965016349
114,0.07490305721745608
115,0.08792622776482832
116,0.08858666385541736
117,0.08306652138323614
118,0.09718424340566079
119,0.08245577136681134
120,0.0823490987834235
121,0.06020605619126054
122,0.09328290468257777
123,0.09203506504823952
124,0.07276701546013002
125,0.07423288920291311
126,0.08879054186195896
127,0.060036468396039364
128,0.0992273740818381
129,0.08733134538564666
130,0.08077755610124589
131,0.06948883946980833
132,0.09615621699683716
133,0.07628057834414857
134,0.08079853702408812
135,0.06983508383232068
136,0.09922541250266866
137,0.08301569203986385
138,0.06295779419165204
139,0.06409640992568158
140,0.0815020402090772
141,0.0958022032727407
142,0.09908203728886072
143,0.07356105895259418
144,0.0752833010623487
145,0.07187363126959118
146,0.08348870404145556
147,0.0745879401008505
148,0.0933754800739944
149,0.08296966407858916
150,0.09066816094034708
151,0.09268510862778326
152,0.06950590713723626
153,0.09409759136922136
154,0.09627877253655287
155,0.09466825499305435
156,0.06052546326387444
157,0.07883061041676566
158,0.06020176825446977
159,0.09480554479228243
160,0.07505550856939616
161,0.08559510117271649
162,0.06326087200855982
163,0.09957252729591445
164,0.0879232095305626
165,0.07993103707932996
166,0.09444492754271756
167,0.09980607484123172
168,0.06199104462585044
169,0.06525593846959124
170,0.08195100576943454
171,0.06946269680791711
172,0.08722135212005072
173,0.08555063978149226
174,0.08651004240123145
175,0.0963307919497367
176,0.06630667749603741
177,0.09329878860238063
178,0.07718092861389636
179,0.08890652525749972
180,0.07753279054194952
181,0.09704686348425123
182,0.07054124468977639
183,0.07860213183010338
184,0.06124829628592881
185,0.07554897637333917
186,0.09344507305515096
187,0.06699441256353815
188,0.07324918622603471
189,0.0667053349995457
190,0.07645387037983904
191,0.06323444076943342
192,0.07273248573473623
193,0.0888614518479556
194,0.07469123087898494
195,0.08346406732380815
196,0.08152735774770657
197,0.09532761046595206
198,0.06681053949874992
199,0.07944548690957026
200,0.09098958341033946
201,0.0788861290132443
202,0.0889506093136063
203,0.07170520903214213
204,0.09495505472752658
205,0.0675288124931052
206,0.061866062805633525
207,0.06976971780451031
208,0.06555574395842521
209,0.07867315291043316
210,0.08350174675053804
211,0.09705722607745777
212,0.08812047633888832
213,0.09851431495196346
214,0.07436895338669638
215,0.062262074247868615
216,0.0700949797726553
217,0.07465134234090937
218,0.07703616981944333
219,0.07520001838573774
220,0.07882641312310781
221,0.09223698768459165
222,0.09540970181485642
223,0.06832244077096766
224,0.08835477637821441
225,0.07085560945161865
226,0.0852856630963977
227,0.07836082846296165
228,0.09417342130148881
229,0.06923164991830874
230,0.09537961383678861
231,0.08071240299736579
232,0.06903069880698334
233,0.09776013976759804
234,0.06830844358608021
235,0.09341845533276064
236,0.06429494915133795
237,0.08030274084059713
238,0.07364062884650802
239,0.09229963506857945
240,0.08237307681921277
241,0.09763553547021686
242,0.0923530082540128
243,0.06689472580279568
244,0.06785789570056998
245,0.09973309849594206
246,0.0912519350959532
247,0.09685547178572669
248,0.09818880098437094
249,0.06917112294232
250,0.07863919509652272
251,0.07155998135230175
252,0.08644548101771685
253,0.06037198022182224
254,0.0707912076578073
255,0.062269547141556844
256,0.0767243234762403
257,0.07222729609984038
258,0.07676701468974795
259,0.08879193659255176
260,0.0996721976162316
261,0.064965972504721
262,0.09694846728196897
263,0.07025855415357335
264,0.09038457557884116
265,0.09019971192582542
266,0.07338843037859692
267,0.09921729384626354
268,0.07156947155575867
269,0.07508824132915302
270,0.07397277591073206
271,0.09435092529778015
272,0.0824110335548039
273,0.08784199675725396
274,0.09400821329528794
275,0.061130058246729686
276,0.0812454767534686
277,0.06876913510176709
278,0.07662363608008864
279,0.09272304735310744
280,0.07928778884438348
281,0.08350551930797383
282,0.07779497669246543
283,0.0754544931155962
284,0.0970369040551428
285,0.0988719447452216
286,0.07822250414052892
287,0.09635232571208727
288,0.06368727222345903
289,0.096953150852301
290,0.07676938152934845
291,0.07997831914168801
292,0.07347185574743828
293,0.07330683657717527
294,0.09333991778610395
295,0.09191195999127823
296,0.09656922663900425
297,0.06912661325243266
298,0.07082632338262279
299,0.08971934992755555
300,0.09133661468946913
301,0.08216267208591306
302,0.07524749426402888
303,0.09088442502770286
304,0.08525536769988559
305,0.07038506732705294
306,0.09438320124295235
307,0.0887789380386386
308,0.07445749764514227
309,0.09064931140751506
310,0.07637174064404827
311,0.09086605293872928
312,0.09505745609317305
313,0.09198901899028625
314,0.09290394671864244
315,0.0973282064613413
316,0.09993626543821843
317,0.0671850235191579
318,0.06867683279019261
319,0.08275686755886562
320,0.0959975171779325
321,0.0946337352555613
322,0.09132556268336176
323,0.07611727687177103
324,0.0605080733736153
325,0.07155513889707756
326,0.09769347460604544
327,0.07640183887556906
328,0.07284504205599313
329,0.06631277293598364
330,0.08506980690667623
331,0.06070909143375937
332,0.06671333147764762
333,0.09118173819060375
334,0.09197442989627932
335,0.08322969379616135
336,0.08936281720653388
337,0.06855724563563623
338,0.0880256144050053
339,0.09341626463572833
340,0.07238695243607948
341,0.06203079883536367
342,0.09771580494772994
343,0.09291020180087994
344,0.0816285427731521
345,0.07201844220657196
346,0.08977080093138942
347,0.07254804456193094
348,0.0671709973028272
349,0.09474398265930484
350,0.07134053278806204
351,0.08934555733795882
352,0.06892918070271027
353,0.08326823581043241
354,0.07255893813495665
355,0.09874414782512159
356,0.09474535024632828
357,0.06994704818112761
358,0.0923203145242103
359,0.06751036530638277
360,0.07962627132987721
361,0.08744320514079221
362,0.09114584278528003
363,0.08254549568860889
364,0.0784541019787991
365,0.07389171121361782
366,0.09214737220633143
367,0.065232178473889
368,0.09102729819433097
369,0.06669808090176962
370,0.08583225488090736
371,0.09380425960089667
372,0.08433466827633886
373,0.06315124928902197
374,0.06770742350802672
375,0.0828047642481601
376,0.09735842752060227
377,0.06120935524332518
378,0.09912306548981235
379,0.07887596011340076
380,0.06145999861677194
381,0.09091970080327215
382,0.07032798858959538
383,0.0664561632311326
384,0.09641037750809191
385,0.09824425207282891
386,0.09885169161491064
387,0.06928528965567335
388,0.09184951400452424
389,0.0626410935729307
390,0.07907124638344959
391,0.06736391100276383
392,0.09432447973910282
393,0.07359915217782226
394,0.09147391994563643
395,0.07084695678728285
396,0.06928013577675085
397,0.06599412311737747
398,0.07916277812209965
399,0.07915667425647759
400,0.08688259536131923
401,0.09215180611121573
402,0.060221753513214064
403,0.09494022389755513
404,0.06643063574310695
405,0.0604386256318276
406,0.06504875734355765
407,0.0851933671493896
408,0.0825779043195998
409,0.07023893462080837
410,0.07294543473012452
411,0.07479610298969751
412,0.06872013093204662
413,0.06601776779429723
414,0.0925333006755458
415,0.08447173396156293
416,0.08859463476961289
417,0.06616746592983384
418,0.09748135001971317
419,0.06328156848345409
420,0.08981863709917823
421,0.08221493959578788
422,0.09446667273284723
423,0.08881362685352828
424,0.08248224873510836
425,0.06481729396941573
426,0.0828551953957469
427,0.09143638313717403
428,0.07789634780241797
429,0.06263336061136053
430,0.09037593774260681
431,0.06653404445023443
432,0.06765743666491335
433,0.07722720007616593
434,0.07145179367532482
435,0.06215767406176691
436,0.09694140342246971
437,0.07635128403155819
438,0.06695470296513807
439,0.09307607411174348
440,0.060018711833218504
441,0.09910058487561801
442,0.09606567289782357
443,0.08159398732829258
444,0.06648931022162587
445,0.062122669880971156
446,0.09812921391437149
447,0.09911000767312234
448,0.06229025158966945
449,0.06599955739785766
450,0.08351821773875626
451,0.09485885075547226
452,0.07869050953396872
453,0.09389936209255248
454,0.07950613344722213
455,0.08076164326231212
456,0.07633500384775997
457,0.07083689551904426
458,0.09668767764147676
459,0.06376898849091954
460,0.06110025443158305
461,0.060535508422452096
462,0.06255261388409519
463,0.07803765045215581
464,0.08791627761381608
465,0.06464373135201192
466,0.07713660416864167
467,0.0729302795456824
468,0.08275214828859337
469,0.08288477571321545
470,0.06199316645714824
471,0.06849974273695483
472,0.08805588995424735
473,0.07013618300839743
474,0.08512949848116302
475,0.09538599067022821
476,0.08182529768071882
477,0.0649005645766662
478,0.06574804845567038
479,0.06029544317486803
480,0.09400937025020484
481,0.07319594253710746
482,0.08419487574381797
483,0.09013081669580852
484,0.08820640592746579
485,0.08587806499771207
486,0.09693604735346983
487,0.062036168033194165
488,0.0923747831024388
489,0.07093360008971804
490,0.0983941609633475
491,0.09920827272651624
492,0.0728299022292139
493,0.08141285143895201
494,0.060872933791028525
495,0.06224265539390667
496,0.07416486711936575
497,0.0786473728956683
498,0.06705695880957838
499,0.09614609817399106
500,0.0762182290883832
501,0.060734457910273106
502,0.08499347134417767
503,0.09167363177547772
504,0.08879253448373084
505,0.07867627229975692
506,0.08551018051899584
507,0.0804277846855814
508,0.0876792531463686
509,0.09858001947521987
510,0.06092550307381867
511,0.09096631931015484
512,0.0847240611873449
513,0.06702804681291438
514,0.0672859947122624
515,0.07921441827782875
516,0.08986793150774398
517,0.07911217328006909
518,0.0964835909133645
519,0.07119418377230881
520,0.09214413349127486
521,0.07485685877226295
522,0.08137192779976396
523,0.0998371540289905
524,0.09464718504156522
525,0.06497971373166196
526,0.06905917290387989
527,0.06687084551495555
528,0.08076126868380648
529,0.08955823737618814
530,0.06343242964720251
531,0.07960513522961571
532,0.07600124476910286
533,0.06016413497237375
534,0.07957587767907283
535,0.08566049808221585
536,0.08367731440704719
537,0.063281961395316
538,0.09711070920746538
539,0.09029210893398908
540,0.0761840435646218
541,0.06934025247523533
542,0.07078683500162743
543,0.0689473995844061
544,0.07066053443791315
545,0.062457024670250445
546,0.07268992011293096
547,0.09679115619122872
548,0.07346808084990285
549,0.07083639869158201
550,0.07684084299811114
551,0.08435637889842476
552,0.06652389265363298
553,0.08634792969173212
554,0.09164375772472563
555,0.08488545572302854
556,0.09442819669856464
557,0.07653204165596085
558,0.09082061847526918
559,0.09852483959231936
560,0.0925074281354169
561,0.07101972829870373
562,0.08401585466700484
563,0.08717163821284854
564,0.06735042460806032
565,0.0888058377050169
566,0.060477190661292264
567,0.0782226862516838
568,0.09572313561213106
569,0.06331254239356561
570,0.06957237136448019
571,0.07948829734111895
572,0.08576060092800145
573,0.07779237861538979
574,0.061652155077326305
575,0.0605416883260117
576,0.08391876515003846
577,0.08054949608041917
578,0.08573855580392764
579,0.06518604606390954
580,0.06423883854788547
581,0.07324858662114583
582,0.07865095785686751
583,0.07991042456904765
584,0.0702676499232973
585,0.08745168002169207
586,0.09526025875998037
587,0.07659963469267105
588,0.09454832429737328
589,0.0973394937119814
590,0.08217777204560912
591,0.07239618769137399
592,0.0761707645168446
593,0.07260940512013556
594,0.09448504018079634
595,0.09472414987025565
596,0.06273085672212697
597,0.0990241999835682
598,0.07802515507131072
599,0.09451930177438589
600,0.061497943830793905
601,0.09663515274299062
602,0.09018974609669905
603,0.09072939105673776
604,0.09211750652230426
605,0.08668103074059497
606,0.0841866358417972
607,0.09631079652276092
608,0.08746818325258382
609,0.07367786200131227
610,0.07230832479753782
611,0.09411181971154368
612,0.08980913175617747
613,0.07474889407802182
614,0.07740692702770716
615,0.09100286259205634
616,0.08780698220208935
617,0.09053929348467071
618,0.09810719957405598
619,0.07932051684282201
620,0.07107227236439219
621,0.08927002609614476
622,0.08222761488283406
623,0.08662559538892992
624,0.064688987651391
625,0.06066640845243298
626,0.07028343629842261
627,0.09044008265437573
628,0.08848101835928023
629,0.08652488218275001
630,0.08375939170996774
631,0.0757800018033158
632,0.06142584495258503
633,0.09391004404750539
634,0.06658316353645567
635,0.06133710430800098
636,0.08473963206753175
637,0.06432391133807507
638,0.09497764532741279
639,0.06310742319717345
640,0.07646248999141608
641,0.074091996243433
642,0.07953477126543636
643,0.07390210616367127
644,0.07665913871947545
645,0.08543750113039968
646,0.09918890830078947
647,0.07444783980991304
648,0.07829525424584813
649,0.06845635114232544
650,0.0980396128143165
651,0.09167801245924323
652,0.08262817024400768
653,0.08027941209648089
654,0.07419858513166443
655,0.09569066709344932
656,0.07817590544251471
657,0.0656522461415963
658,0.09718452746069717
659,0.07467056746036997
660,0.06574423559354443
661,0.0726155141297562
662,0.06921265775490384
663,0.06920643933263672
664,0.07967961489218288
665,0.08158240538210129
666,0.07286495535802084
667,0.07315783720666688
668,0.0806539613715024
669,0.07913769024944822
670,0.07579925474021794
671,0.0927082867225053
672,0.08179780405160202
673,0.06826695287608989
674,0.07223132620595595
675,0.07909576593316692
676,0.09761019680762467
677,0.07930631692989655
678,0.09894519381354594
679,0.06437898243647006
680,0.09370343209682651
681,0.08968088205033538
682,0.07394162468436746
683,0.08089082786809665
684,0.07342217449366326
685,0.0812449631775021
686,0.09962818917978894
687,0.08213127323449362
688,0.07154456114135581
689,0.09504552335226102
690,0.07654339722068917
691,0.09621826879325329
692,0.09562046888245845
693,0.06141023799552083
694,0.07839320835816092
695,0.07863737786071567
696,0.09739230107135227
697,0.07241976876211036
698,0.09191832456449697
699,0.07602334901594868
700,0.09438839110800354
701,0.08483880048384822
702,0.09298165619316098
703,0.08801649412644422
704,0.09919011479792839
705,0.06656572785905399
706,0.08601119446357658
707,0.0724151168260301
708,0.06225106751169617
709,0.06658313010120165
710,0.06448756174280654
711,0.08716361809780826
712,0.09757518129932473
713,0.0691968820155504
714,0.06885624653234323
715,0.0641061621159459
716,0.06925977053637486
717,0.0875786432339887
718,0.06072906118957366
719,0.09951581572678125
720,0.06887020821378885
721,0.0702201964524232
722,0.08249338357810836
723,0.08322898194548031
724,0.06415550287246112
725,0.06668982012940582
726,0.06730392739517654
727,0.08724618003359329
728,0.08042296976334415
729,0.07608144237146235
730,0.09394840414490216
731,0.08576255305074966
732,0.07573147178181089
733,0.0776111891045747
734,0.09111202904982443
735,0.06599051076864472
736,0.06454499275419841
737,0.09848017683753715
738,0.09389585475258458
739,0.09302655064437756
740,0.07737692383632484
741,0.09163086408056653
742,0.08791976113580374
743,0.06976916197897387
744,0.074098264536503
745,0.07382210358793283
746,0.060098324315898816
747,0.09158169329553652
748,0.07876232686408081
749,0.08157719892828863
750,0.09176993714765747
751,0.06591315772839951
752,0.08341278885804337
753,0.07173181477276089
754,0.08722866577333883
755,0.07513786632421939
756,0.08778073710397485
757,0.07721537507132273
758,0.0772107996773583
759,0.08528850390801931
760,0.08884167738489407
761,0.06083746667094642
762,0.0983162028571565
763,0.08452335587300508
764,0.07459251659219943
765,0.09714030298734291
766,0.06164545466313651
767,0.0833293869018733
768,0.07296507943830831
769,0.08821044635038414
770,0.09044509265018356
771,0.0948453210662959
772,0.07641774196394199
773,0.09124464289558593
774,0.08911767999958904
775,0.09704827470690136
776,0.09454023340424367
777,0.07679419340552582
778,0.08418724938077404
779,0.09680644133789144
780,0.07384191956614014
781,0.09219397757202777
782,0.06168880877289849
783,0.08441699866650472
784,0.06855654546404247
785,0.06848318770773905
786,0.07370611893591898
787,0.07337695845853053
788,0.08957815493813068
789,0.08623635288813061
790,0.09330889743123758
791,0.09455159253291562
792,0.09505294140161044
793,0.06521528824971129
794,0.06548473390793792
795,0.09946137121819001
796,0.061827601812392025
797,0.0998543711811189
798,0.06492226487757743
799,0.09235737599291005
800,0.07963378753623374
801,0.07953530445725629
802,0.07616013406722988
803,0.0946377321914025
804,0.08790751690435414
805,0.09446070651712439
806,0.06787624537764476
807,0.09362579547515998
808,0.09075614278746483
809,0.07528390863074166
810,0.09061015778047075
811,0.09709668181834634
812,0.09990468631491187
813,0.09961821792555683
814,0.060008308925083895
815,0.08262151825162133
816,0.06604782106236647
817,0.09674960913594799
818,0.09358255153249291
819,0.07455591888675636
820,0.08165967501760314
821,0.09596926379488428
822,0.08577964091319926
823,0.09953264529650421
824,0.09226438788529803
825,0.09101907977712638
826,0.06546715437748458
827,0.08112079125766919
828,0.08343419930588428
829,0.08583049559217164
830,0.06989105486850392
831,0.07665668465567378
832,0.08447186193082605
833,0.07996832488367585
834,0.09094461129390569
835,0.0962845671057423
836,0.08408464477459386
837,0.07784844169391386
838,0.07608377540517947
839,0.060576368383566385
840,0.07343406693707466
841,0.07560704047063653
842,0.08994148524497855
843,0.09378732445682218
844,0.07266660677506183
845,0.0952705952081184
846,0.09045077856840017
847,0.07431475213649422
848,0.06873969570244322
849,0.09487757070595551
850,0.0668269527212629
851,0.09984584344763409
852,0.09133786731163362
853,0.0972822143051034
854,0.07303783468824694
855,0.0828616015635418
856,0.07710613120140068
857,0.08304890775091262
858,0.09855238185850851
859,0.08534870310416223
860,0.0875748920092942
861,0.06490660129335264
862,0.08192287002800527
863,0.0768509067375339
864,0.09012690120741285
865,0.08415696199497819
866,0.06670333716111038
867,0.0706352032003697
868,0.06833065529843244
869,0.0730446262911628
870,0.08398545718622469
871,0.08587205438535594
872,0.06071706328600161
873,0.09113559260067845
874,0.07551421627276336
875,0.08424883036674663
876,0.09823380350550662
877,0.07390755381603109
878,0.07271722313309027
879,0.06562990654921443
880,0.08068440675052516
881,0.0694773607188123
882,0.07052603678799019
883,0.09267741896170639
884,0.06510491242800141
885,0.09144787427128694
886,0.08882955987611306
887,0.0959068053468285
888,0.08967192173116711
889,0.08808869615366857
890,0.09805117883812989
891,0.07896033864316296
892,0.08090356638143212
893,0.06242678520800798
894,0.08587165020528054
895,0.0802352183144491
896,0.06067958934275016
897,0.07680218500671687
898,0.08391455640332372
899,0.0783740729339352
900,0.09027296493283779
901,0.09163295665675861
902,0.0767328447670821
903,0.09092642970893414
904,0.08482640587353549
905,0.06113018096601155
906,0.08990161685393544
907,0.07788043939612127
908,0.07572034198508629
909,0.08649179752883172
910,0.09128809761240905
911,0.09421650148648394
912,0.08177383070662826
913,0.09227352912189435
914,0.0977806005151737
915,0.06979145069324251
916,0.07365574803166895
917,0.09181703549352291
918,0.07198246733911594
919,0.06921645520401182
920,0.0784833267191394
921,0.0655417049188135
922,0.06246108862417848
923,0.09224684390928228
924,0.09945187023276963
925,0.09832151932537954
926,0.09570420818553808
927,0.0812896330941769
928,0.08728140278009396
929,0.09187571777932987
930,0.06866807006780527
931,0.09212497444647873
932,0.07649274144059938
933,0.08905989483894199
934,0.07397617098728772
935,0.09737308188486807
936,0.06521279637106396
937,0.07909611319449314
938,0.07259695475165703
939,0.08346483391458746
940,0.07914628838905731
941,0.09706724938982636
942,0.06591474526630868
943,0.07537544448735649
944,0.06608204047440698
945,0.07387912628645457
946,0.06731622928362685
947,0.0834553900348961
948,0.06747675547802728
949,0.0867404872121911
950,0.09457192003740619
951,0.07675270695022636
952,0.09248846906465169
953,0.0788684302690078
954,0.08874346578510851
955,0.06834814419506251
956,0.06252123839468397
957,0.09610470273825773
958,0.08299693553448
959,0.09526372766196298
960,0.09223893016807641
961,0.0699769611798187
962,0.08298790792973543
963,0.06233563920091276
964,0.07358387143116894
965,0.0681115356164964
966,0.09735180980925004
967,0.08290019822954305
968,0.0773041623607923
969,0.09608561418199293
970,0.09443957952586177
971,0.08153307858108497
972,0.06417622093341917
973,0.06584707751727593
974,0.06790367893573954
975,0.07906422893641112
976,0.06962697570764682
977,0.06940524582335741
978,0.0625859330990564
979,0.09587294215296331
980,0.07788265352867049
981,0.06331246352889905
982,0.08109374247925491
983,0.0823313962600027
984,0.09339884507936147
985,0.08535097849893913
986,0.07556007407216814
987,0.08158657384578626
988,0.06298435602716725
989,0.07226769302165569
990,0.08191895432148236
991,0.09122452244128232
992,0.06538733080720174
993,0.09419320498163025
994,0.07047045697724955
995,0.07438314662321734
996,0.07405701783696995
997,0.09655691793541998
998,0.07722682197580302
999,0.06311542801816682
1000,0.0769937340812594
1001,0.07813696806477925
1002,0.09634962849656947
1003,0.0835283870821747
1004,0.07043834689394335
1005,0.060186069863732934
1006,0.06731623756922996
1007,0.08102678755010337
1008,0.09097857470632073
1009,0.09378184465880682
1010,0.07063077817667716
1011,0.0721668053678651
1012,0.09441217033381828
1013,0.06588200998706817
1014,0.09041958516594717
1015,0.08141556305632915
1016,0.09956928292459438
1017,0.09146346506361222
1018,0.09177960395446902
1019,0.09184939215579814
1020,0.08063960253296769
1021,0.06104348065468833
1022,0.08587927683374949
1023,0.08358532532040629
1024,0.09448944776032579
1025,0.08357211762818105
1026,0.08352023270026832
1027,0.06883882508438767
1028,0.08662898833000465
1029,0.07146499623164292
1030,0.08033546238089871
1031,0.08953235133901902
1032,0.09879728785614142
1033,0.07843771734239834
1034,0.07237112978143816
1035,0.06301430335875842
1036,0.06376389201613596
1037,0.08258748659883819
1038,0.0605578954481116
1039,0.08529821654034803
1040,0.08477939425244604
1041,0.06054067492519312
1042,0.07789540918089911
1043,0.07216364665194867
1044,0.08820782885130705
1045,0.08098001636125447
1046,0.07816433576385978
1047,0.09267870732333168
1048,0.07744344983796107
1049,0.07643469223072483
1050,0.07477444746707897
1051,0.07259570145366778
1052,0.061423051803751086
1053,0.07575349923479573
1054,0.07077678877454215
1055,0.08338861694873703
1056,0.08975947615606776
1057,0.06255259480989162
1058,0.06513753680878416
1059,0.09353370299128119
1060,0.09397645992834505
1061,0.0746888173207268
1062,0.08105792246564353
1063,0.09298019373333463
1064,0.0659232702227133
1065,0.0923269001650131
1066,0.08213367571767594
1067,0.07354317945459209
1068,0.07626920336173246
1069,0.0936781843192771
1070,0.07858760699050915
1071,0.09260945662647749
1072,0.09578393056752028
1073,0.08937106622852867
1074,0.08078371396241206
1075,0.06351409256590941
1076,0.06214578857063525
1077,0.0993237922809308
1078,0.09986970949098109
1079,0.0819679195933578
1080,0.07254582878443677
1081,0.08808812860975151
1082,0.06364398624206073
1083,0.07974171770738259
1084,0.08066438388151903
1085,0.07564090889991662
1086,0.08935220435836336
1087,0.07773869215169232
1088,0.09412787335072037
1089,0.06664046684512206
1090,0.07073158521782068
1091,0.08985410787877243
1092,0.09818623978690087
1093,0.09540770861546646
1094,0.07155338495215165
1095,0.09991819013944098
1096,0.07137395619931233
1097,0.09198615994715603
1098,0.089781398575953
1099,0.07924773893246216
1100,0.09680899208671426
1101,0.08356520825735245
1102,0.07007946897501982
1103,0.06490313476081133
1104,0.0809692555774883
1105,0.07752824370435404
1106,0.09222010198723485
1107,0.09356614208232125
1108,0.07871737117356907
1109,0.08163401501989243
1110,0.06824356480298832
1111,0.07535163739042496
1112,0.0806023246462178
1113,0.08281608739540339
1114,0.08946078893142113
1115,0.06611082412741412
1116,0.07644399633712053
1117,0.06058649716804142
1118,0.07222582027874468
1119,0.09559329553016777
1120,0.06504465323506506
1121,0.062338968590557986
1122,0.08922596527239939
1123,0.06864214639882828
1124,0.09224961226739917
1125,0.08978745705712053
1126,0.08562270536438768
1127,0.09793445722222077
1128,0.07027086883908165
1129,0.07536568837486668
1130,0.08859522321834351
1131,0.06901570354269536
1132,0.07431553756359142
1133,0.06647747840401466
1134,0.06554861592768854
1135,0.07502952573593392
1136,0.09619600277323145
1137,0.09857096232540735
1138,0.062015720469665095
1139,0.06350858937793816
1140,0.07810928440103893
1141,0.0950125158581794
1142,0.07528803877614974
1143,0.0798002076019774
1144,0.0938919378352712
1145,0.07548973627145093
1146,0.06641019708000745
1147,0.060122812924791456
1148,0.08954042062467851
1149,0.09611642093712991
1150,0.081175623139045
1151,0.07895753329780611
1152,0.09908792048212317
1153,0.0824366418691145
1154,0.06729680328615734
1155,0.09105459926693041
1156,0.09312288132658489
1157,0.08332471665776692
1158,0.07434292074371646
1159,0.09075925245014077
1160,0.0919828365831866
1161,0.08926037170279202
1162,0.07911715887587312
1163,0.09497933725475102
1164,0.08904861102635568
1165,0.06454042073028599
1166,0.09589419881402347
1167,0.07453452149694931
1168,0.0953946157660829
1169,0.0779069287136854
1170,0.09516903307551933
1171,0.09069072758495493
1172,0.08110209236953257
1173,0.08453522420548032
1174,0.09100927361901331
1175,0.08430017266435492
1176,0.09060782837423118
1177,0.0874423078692717
1178,0.0625991662439318
1179,0.06449822673455506
1180,0.06130392379630957
1181,0.0932360516622929
1182,0.09636880704276583
1183,0.06962006456859005
1184,0.06571603474302556
1185,0.09834019801714095
1186,0.07873787696812487
1187,0.07156970056014342
1188,0.08505355137820376
1189,0.08734833177156376
1190,0.09593283845521525
1191,0.06672253334015875
1192,0.06370071332578825
1193,0.0890949289245887
1194,0.08496588276092548
1195,0.07896590748122508
1196,0.08021512092516284
1197,0.0677521096829965
1198,0.08857269030670621
1199,0.09000371969093128
